82 28
78 94
17 27
19 78
24 10
63 71
1 29
29 89
40 46
49 94
58 85
18 48
93 31
55 15
28 54
52 63
70 60
42 47
77 54
79 41
51 42
1 8
45 17
34 41
20 98
97 86
0 51
55 92
13 18
86 71
70 83
30 82
30 46
32 83
8 64
89 58
80 48
21 69
88 8
57 24
77 23
2 10
47 30
12 3
84 66
43 93
38 9
50 17
94 73
49 20
9 73
1 74
95 98
16 37
50 86
19 18
57 75
40 8
11 93
82 41
13 29
71 38
41 28
73 26
47 47
68 56
72 4
27 71
42 39
2 96
72 23
14 33
36 90
61 29
72 93
62 74
8 10
70 68
65 69
77 78
34 97
43 71
93 37
99 62
70 55
49 29
55 95
90 61
88 82
73 52
90 35
91 82
40 57
61 38
7 0
40 83
44 61
29 92
32 65
77 65
65 33
42 42
46 7
51 83
14 21
76 85
30 46
92 73
25 15
74 86
89 78
20 38
92 30
22 83
40 8
56 97
51 70
93 95
13 43
57 91
98 49
35 65
46 77
16 93
36 18
62 34
70 40
11 82
96 63
41 64
63 0
30 40
47 41
4 10
91 81
64 9
71 33
35 2
82 20
93 85
24 23
37 18
91 76
17 6
75 3
93 50
67 48
79 11
31 42
81 61
31 47
68 43
93 91
27 49
67 12
17 39
33 65
98 14
86 36
91 27
33 4
44 69
32 71
77 30
22 96
40 75
96 25
29 40
56 60
31 81
39 95
39 10
33 31
78 35
46 56
9 91
13 1
58 92
13 52
71 51
0 56
33 25
56 10
25 84
23 43
82 89
27 86
98 36
25 63
93 45
84 29
56 36
88 69
69 51
83 33
48 13
34 32
72 68
16 83
18 2
47 56
19 61
26 29
42 24
37 94
20 93
35 8
62 14
36 92
88 83
92 1
0 44
96 0
52 38
39 10
66 95
92 8
84 85
78 95
2 18
86 90
7 1
70 54
84 92
8 11
58 66
33 78
0 48
25 89
29 46
27 83
31 37
6 94
35 71
81 39
25 41
96 6
70 26
48 14
55 70
50 14
19 41
76 2
92 48
59 94
35 51
64 23
43 68
14 47
37 86
36 34
52 14
50 85
27 75
27 13
39 8
39 87
29 45
58 85
72 49
0 35
68 53
32 49
73 5
56 83
79 13
90 39
62 21
79 63
60 19
6 89
17 19
79 38
69 54
51 46
86 38
55 6
89 66
58 37
43 45
98 21
73 33
59 68
34 78
27 91
64 89
25 58
39 60
51 36
11 16
0 56
9 87
66 99
95 3
35 72
10 68
80 82
39 33
40 73
44 74
12 25
50 85
91 41
16 95
13 0
86 66
58 80
45 10
35 21
99 16
95 83
45 8
53 47
72 6
45 49
98 61
47 48
34 39
89 42
1 73
7 49
11 65
74 54
29 80
95 47
21 5
42 44
28 95
79 71
56 99
85 27
70 86
26 49
52 58
16 0
40 5
44 93
41 65
10 70
18 51
77 39
79 84
0 95
9 10
61 88
47 8
49 31
44 11
66 87
59 18
20 30
9 84
82 62
83 30
8 84
3 45
32 6
43 8
68 72
21 77
79 68
82 5
88 13
63 92
64 73
60 37
67 76
70 41
22 43
48 31
41 76
20 28
55 93
31 29
78 11
6 25
57 57
29 21
82 41
6 74
34 75
39 42
92 83
7 93
52 81
73 70
6 98
49 9
98 16
34 93
56 83
19 52
1 43
15 64
37 66
14 79
42 90
28 94
41 87
70 78
12 27
70 73
6 34
17 61
51 85
83 0
0 86
38 59
27 86
36 88
10 99
71 60
66 36
55 45
2 24
82 7
97 2
51 86
45 75
56 72
6 91
69 41
90 54
32 92
52 37
26 38
75 74
12 36
67 69
65 98
53 9
64 71
62 94
14 92
98 24
46 6
14 71
25 97
72 91
41 99
41 16
95 25
54 39
76 76
24 36
7 79
80 19
7 60
44 46
84 54
34 76
28 7
3 17
18 80
37 45
76 30
11 3
54 36
16 38
71 17
54 28
78 20
36 32
16 10
44 0
33 18
81 14
50 80
61 54
32 20
67 40
55 71
1 47
46 60
51 83
39 6
91 69
41 22
8 38
10 68
53 77
3 57
28 6
56 30
58 30
65 16
56 21
57 44
65 26
33 52
86 10
4 26
27 25
76 8
91 22
64 74
53 61
64 98
89 64
35 41
95 52
96 41
33 53
56 38
69 74
12 50
15 25
26 65
38 29
95 62
71 12
72 48
19 73
65 73
27 88
67 87
75 1
59 76
68 95
34 61
98 34
56 71
5 78
1 92
59 41
59 47
69 80
41 61
96 0
13 4
46 88
85 10
37 93
84 74
29 93
93 52
94 76
10 29
27 69
87 62
12 6
4 25
17 5
83 1
55 0
27 26
45 76
94 22
42 3
60 9
50 54
64 50
65 2
41 97
68 8
9 16
64 87
57 16
87 68
56 69
37 19
49 30
98 98
65 39
2 19
27 58
56 11
23 62
82 70
69 11
52 71
97 52
73 49
31 47
85 55
73 89
69 98
67 34
15 79
25 32
86 23
86 19
29 85
67 94
68 22
45 77
31 21
37 75
43 28
92 77
93 84
88 55
27 35
41 11
58 80
4 20
96 68
60 87
65 97
80 41
28 57
38 39
10 40
14 11
69 96
43 77
16 3
81 16
52 12
51 7
41 73
29 79
91 29
41 52
75 52
57 68
30 57
24 4
13 39
97 72
24 22
62 31
78 55
96 16
92 64
44 42
97 52
26 77
74 30
38 80
23 61
0 57
50 62
72 95
0 27
74 20
31 97
74 29
88 74
84 34
11 75
15 75
38 94
93 75
62 87
6 17
79 62
13 45
28 1
6 46
33 87
89 39
55 98
92 3
22 7
86 73
35 60
4 40
42 38
12 0
67 77
59 12
29 4
91 50
46 51
11 33
3 66
95 14
18 63
32 23
54 10
28 14
26 61
20 69
66 57
88 84
50 73
48 35
93 41
80 7
74 27
31 5
1 15
35 19
96 37
72 28
2 0
8 85
98 90
64 91
64 22
21 49
91 10
43 62
37 54
14 43
10 26
63 20
62 73
53 19
67 82
54 49
83 81
43 43
63 89
58 36
32 95
30 92
99 30
81 87
12 47
80 95
74 59
92 93
74 3
46 59
47 18
10 16
48 34
87 53
83 20
83 69
61 61
83 62
67 1
51 53
33 92
34 15
12 80
42 25
39 9
76 58
77 68
6 78
21 20
47 17
32 98
14 29
48 44
48 63
49 88
74 34
58 44
29 99
10 99
51 6
81 79
57 13
72 67
55 40
24 96
39 52
84 89
34 53
79 77
47 36
30 0
83 17
57 99
4 65
65 65
2 31
12 1
1 93
36 36
36 76
71 86
18 17
0 31
6 26
37 57
34 38
76 70
83 46
23 86
34 92
72 69
34 4
85 87
34 27
43 86
15 17
40 82
83 10
65 12
90 92
26 24
18 10
92 0
28 28
63 83
11 66
21 32
83 78
26 73
85 92
12 5
81 73
46 32
90 23
5 72
13 1
77 34
11 38
2 12
56 35
51 46
87 2
68 30
35 15
41 93
86 76
58 3
39 24
19 43
81 36
52 9
79 15
53 82
21 67
11 81
10 68
25 54
61 97
2 59
25 26
41 94
50 82
0 36
41 64
60 20
11 43
87 56
27 32
57 69
2 38
5 63
25 58
1 32
0 99
18 36
66 17
35 79
22 92
60 66
7 58
42 49
47 54
57 34
26 71
33 16
69 24
41 49
22 12
27 56
26 38
18 59
41 57
12 54
58 54
5 34
60 89
74 8
18 18
30 65
78 39
90 80
59 91
59 63
87 46
30 39
37 64
44 65
78 3
48 98
39 6
36 53
87 34
65 57
77 49
95 66
32 76
0 52
9 36
6 65
3 34
82 67
22 4
64 22
98 16
60 30
98 38
45 51
49 5
72 53
12 34
72 86
93 20
60 6
50 43
3 57
32 33
13 24
26 74
41 12
82 37
33 66
61 73
47 30
41 7
31 95
92 68
75 90
74 26
3 47
92 99
45 76
42 91
45 10
38 54
53 2
66 56
23 68
22 46
59 48
92 48
18 94
4 98
54 25
77 32
6 42
45 89
57 44
61 2
1 74
20 4
29 69
75 99
63 42
31 99
60 45
40 68
5 37
13 43
40 43
75 35
48 2
18 88
21 75
28 58
32 76
41 18
91 8
67 85
36 97
8 94
4 39
56 51
8 91
42 54
17 4
43 8
94 89
50 1
6 90
85 75
60 49
26 14
17 68
30 49
80 95
61 97
4 48
85 0
86 69
93 92
33 14
77 24
47 97
5 91
5 7
18 37
95 47
80 54
34 46
67 92
79 0
46 5
9 51
43 82
89 5
24 74
28 48
33 74
29 18
58 71
0 72
2 78
62 45
43 13
63 20
16 98
72 75
65 84
42 68
94 23
8 14
27 19
15 17
11 86
68 4
31 27
34 77
73 85
25 99
6 98
60 78
8 45
53 27
74 47
28 38
51 78
69 59
97 6
82 82
54 1
29 12
48 80
2 67
99 16
5 69
3 66
84 48
49 65
56 84
29 71
7 59
70 93
29 58
66 76
59 18
52 49
42 6
76 7
74 4
77 43
83 61
95 12
84 91
38 35
67 31
32 54
6 40
2 55
27 66
60 40
4 56
87 34
34 17
70 80
66 48
98 42
57 32
9 7
31 50
33 79
75 11
49 85
24 52
48 66
67 69
9 23
29 48
8 80
46 4
62 7
89 26
60 53
40 82
13 29
36 63
11 7
27 7
13 39
9 28
42 12
58 55
76 81
11 51
0 76
81 68
42 61
51 33
14 37
13 87
33 20
40 93
20 78
30 83
32 52
40 24
25 72
74 73
0 89
24 78
35 19
47 43
16 12
33 66
53 86
19 7
84 22
55 65
13 97
78 34
42 67
17 74
82 29
20 21
72 29
99 28
2 59
88 22
60 32
42 23
68 54
7 87
72 46
41 36
70 70
77 5
57 21
35 38
97 80
9 19
39 95
32 22
90 30
79 92
66 10
89 17
66 30
23 11
52 79
2 72
98 24
69 58
37 11
80 10
74 53
4 89
12 26
21 66
25 46
36 20
99 59
40 46
38 82
65 22
45 67
21 5
15 86
47 31
21 53
41 7
94 96
16 71
50 38
12 62
22 7
33 35
75 56
38 43
43 12
90 42
0 71
47 4
0 6
50 26
22 0
52 74
77 47
78 60
23 18
66 26
66 52
91 35
94 38
27 79
86 80
24 27
53 42
29 19
36 4
25 33
18 80
86 96
79 19
4 60
40 83
99 13
9 34
50 89
62 5
58 70
19 21
2 13
59 70
43 24
96 8
31 4
88 39
50 78
8 90
89 88
69 48
37 92
99 32
43 46
51 54
83 68
11 6
26 69
1 48
72 71
57 13
19 75
46 26
23 86
9 59
56 91
69 93
18 88
6 79
43 61
5 86
82 71
57 74
1 64
56 10
7 36
42 20
24 13
41 52
91 46
62 71
72 89
63 13
99 36
97 3
80 43
34 8
39 92
49 44
40 25
83 70
87 28
78 14
49 85
61 77
89 73
68 89
88 56
60 15
53 92
54 11
99 35
47 95
10 97
85 1
50 11
46 34
66 46
97 48
10 74
33 95
76 78
80 17
88 99
73 17
30 68
27 44
85 88
60 30
62 75
4 89
57 70
41 76
5 96
63 9
75 37
60 72
1 59
47 83
30 42
37 26
35 52
97 39
50 29
74 94
61 74
62 72
78 11
53 87
60 70
37 35
3 38
43 51
62 59
49 69
35 65
72 29
15 92
16 73
61 42
22 42
69 14
66 3
40 83
42 72
26 46
65 94
74 72
98 25
61 66
52 80
13 72
40 68
91 74
9 33
66 35
52 32
12 19
40 59
70 69
90 0
63 39
17 89
61 96
83 9
23 70
63 43
43 18
72 44
21 92
22 83
90 90
38 13
11 69
73 16
77 69
24 50
65 10
21 66
52 83
63 24
6 73
26 60
31 20
65 41
43 36
4 28
27 55
62 98
44 54
74 61
40 1
33 7
98 61
42 51
38 35
99 44
2 57
0 13
1 95
88 58
88 80
42 44
78 44
3 80
11 78
46 20
38 99
28 32
82 96
79 86
81 98
81 5
47 28
78 79
12 94
12 31
99 31
25 22
45 86
16 26
51 33
3 69
87 63
60 66
15 53
99 90
34 41
19 32
11 54
14 7
89 6
38 48
82 41
92 61
80 53
79 34
88 34
65 73
4 40
2 10
63 49
60 56
76 90
15 4
92 27
84 93
37 12
9 90
27 0
72 90
95 10
5 55
22 79
89 55
80 63
75 31
98 46
99 40
16 14
55 4
2 29
74 72
12 34
32 96
31 55
97 89
95 26
35 82
89 33
98 66
61 41
94 9
75 38
58 92
23 76
4 24
7 70
44 52
4 3
85 28
55 25
23 93
63 80
56 54
94 17
24 17
98 9
66 82
79 76
85 29
67 71
8 53
58 71
20 46
95 38
10 39
65 78
96 52
16 81
48 4
0 83
60 69
17 50
81 80
34 72
31 44
65 57
21 47
16 86
49 87
48 27
75 80
42 59
52 3
65 60
56 61
69 20
43 84
34 77
8 30
95 20
52 40
38 80
40 32
